
[[0.99852, -0.0015377207999999999, 0.05431], [0.0015155605, 1.00000003763683, 0.00044933399999999996], [-0.054310693, -0.0003663626, 0.99852]]
[[0.99851239650298, -0.0015377720907639998, 0.0544497928], [0.0015155605, 1.00000003763683, 0.00044933399999999996], [-0.054450485800000004, -0.000366147319088, 0.9985123966]]
[[0.9985047734349679, -0.001537823351388672, 0.054589584535524004], [0.0015155605, 1.00000003763683, 0.00044933399999999996], [-0.05459027753551042, -0.00036593203099529305, 0.998504773629008]]
[[0.998500406212765, -0.0015378526259511517, 0.054669464917414326], [0.0015155605, 1.00000003763683, 0.00044933399999999996], [-0.05467015791738522, -0.00036580900512718197, 0.9985004064622451]]
[[0.9984960326001316, -0.001537881890671562, 0.054749344949931306], [0.0015161080003794987, 1.0000000412936898, 0.0004393490396709494], [-0.054750022794277244, -0.0003556859765407376, 0.9984960373983918]]
[[0.9984916525983081, -0.0015379103455496852, 0.054829224632923175], [0.0015166562994042676, 1.0000000448493194, 0.00042936412309644146], [-0.05482988731580525, -0.00034556294557654696, 0.9984916618442862]]
[[0.9984867179084497, -0.001537941446214787, 0.05491908888248916], [0.001517205496919913, 1.0000000483035647, 0.00041937925582430076], [-0.05491973639797611, -0.0003354245331969543, 0.9984867315077104]]
[[0.9984817751321738, -0.0015379716344227747, 0.055008952688324855], [0.0015183056889239647, 1.0000000550092871, 0.00039940962004850655], [-0.05500956985847793, -0.00031528611750072363, 0.998481797177296]]
[[0.9984768242708866, -0.0015380000101733497, 0.05509881605007081], [0.001519958671920512, 1.0000000644637181, 0.00036945531465735993], [-0.05509938766906916, -0.00028514769840334695, 0.9984768583538427]]
[[0.9984735183076264, -0.001538017119035254, 0.05515872466157204], [0.0015210618578460823, 1.0000000701648266, 0.0003494858436088623], [-0.05515926587935198, -0.0002650554171134622, 0.998473559813986]]
[[0.9984696419483964, -0.0015480356736161, 0.05522861431590058], [0.0015327034677998957, 1.0000000627330672, 0.0003200833398943729], [-0.05522911309317098, -0.00023494705427154093, 0.9984697092046273]]
[[0.9984646560011834, -0.0015580568194783152, 0.055318473388895596], [0.0015443477334801665, 1.0000000542969154, 0.00029068168387864305], [-0.055318929078921976, -0.00020480682964327772, 0.9984647482486957]]
[[0.9984591086647981, -0.0015680773007042486, 0.05541831695690363], [0.0015559949433064677, 1.000000044855848, 0.0002612810921204826], [-0.05541872891300635, -0.0001746500227997852, 0.9984592251386936]]
[[0.9984529970446683, -0.001578096512655315, 0.055528144858857965], [0.001567645391175513, 1.000000034409368, 0.00023188168141632817], [-0.05552851243386185, -0.00014447643342140612, 0.9984531369791739]]
[[0.9984468889083006, -0.0015781124050629914, 0.055637974703925674], [0.0015693145414434192, 1.0000000387384533, 0.000201928270549831], [-0.055638295234175024, -0.00011430284177273298, 0.9984470358396899]]
[[0.9984385431640155, -0.0015781295504892572, 0.05578774175930163], [0.0015704303026887695, 1.0000000410197758, 0.0001819594967469613], [-0.05578803088122044, -9.406612413720447e-05, 0.9984386941820497]]
[[0.9984296170790745, -0.0015781446010691192, 0.055947491950370756], [0.0015721087361202132, 1.0000000438341845, 0.00015200660370266026], [-0.055947733935217604, -6.38136221785329e-05, 0.998429773602153]]
[[0.9984201059643055, -0.0015781554493848897, 0.05611722501188312], [0.0015737922601293168, 1.0000000457405447, 0.00012205399582680462], [-0.05611741980685896, -3.3545336281325626e-05, 0.9984202670887196]]
[[0.9984111271771364, -0.0015781608166386947, 0.056276972254617315], [0.001574917803469793, 1.0000000464064014, 0.00010208577006015027], [-0.05627713554796805, -1.3292830494613151e-05, 0.9984112907737975]]
[[0.9984021070862706, -0.0015881629439556378, 0.05643671704028342], [0.0015860306523680801, 1.0000000308855677, 8.268049405352844e-05], [-0.05643684962775823, 6.961275848619156e-06, 0.9984022885113709]]
[[0.9983930771903302, -0.001588161830151502, 0.05659646140644524], [0.001586596618307729, 1.0000000308134138, 7.269656146716199e-05], [-0.05659657810458551, 1.7215382228507736e-05, 0.9983932594634495]]
[[0.9983862856009577, -0.0015881597643056346, 0.05671626859758085], [0.001586596618307729, 1.0000000308134138, 7.269656146716199e-05], [-0.05671638527384835, 1.7405961648125917e-05, 0.9983864678880807]]
[[0.9983789124708721, -0.0015881575015306204, 0.0568460588384063], [0.001586596618307729, 1.0000000308134138, 7.269656146716199e-05], [-0.056846175490976474, 1.761242241748565e-05, 0.998379094773163]]
[[0.9983737963150778, -0.0015881559164126029, 0.05693591295693588], [0.001586596618307729, 1.0000000308134138, 7.269656146716199e-05], [-0.056936029593098854, 1.7755356592623406e-05, 0.9983739786278676]]
[[0.9983681185780847, -0.0015781541405688094, 0.057035751081764285], [0.0015766128803445783, 1.000000046694973, 7.212720233759263e-05], [-0.05703586697431696, 1.7913172184233854e-05, 0.9983682850364992]]
[[0.9983641418335254, -0.0015681528861798068, 0.05710563758298886], [0.0015660581416313602, 1.0000000626567438, 8.154048775211372e-05], [-0.057105768410013046, 8.02294234927584e-06, 0.9983642918183046]]
[[0.9983601600903181, -0.001558152323947275, 0.05717552389882102], [0.0015555027436740146, 1.0000000784195928, 9.095303432052e-05], [-0.05717566946178264, -1.8679877321181616e-06, 0.9983602936139223]]
[[0.9983573168618726, -0.0015481524165624656, 0.057225442823032054], [0.0015443746303237002, 1.0000000939653044, 0.00011034842777828542], [-0.05722561838094775, -2.1790581995982328e-05, 0.9983574330300563]]
[[0.9983544710246998, -0.0015381535051519123, 0.057275361798167834], [0.0015338183017926058, 1.0000001092296917, 0.0001197597190676337], [-0.05727555159147361, -3.171367546966947e-05, 0.9983545706600983]]
[[0.9983556318739146, -0.001528152869786106, 0.05725539590435182], [0.0015232622012373413, 1.0000001242937846, 0.0001291705226113256], [-0.05725559974009392, -4.174423978586293e-05, 0.9983557149754886]]
[[0.9983545019945419, -0.0015181537034279638, 0.05727536431035656], [0.0015127058892500718, 1.0000001391581745, 0.00013858151435095753], [-0.0572755819858225, -5.1713878124245205e-05, 0.998354568581565]]
[[0.9983522260983214, -0.001508155770591507, 0.05731529987891497], [0.0015021491890684613, 1.0000001538231762, 0.00014799228348352333], [-0.057315531193730805, -6.165355351956088e-05, 0.9983522761868495]]
[[0.9983493753432536, -0.0014981588517309513, 0.057365218972647146], [0.001492165666807478, 1.000000168904734, 0.0001474191304847342], [-0.0573654488057868, -6.157864573110822e-05, 0.9983494104217816]]
[[0.9983470956469581, -0.0014881613131877331, 0.05740515442325532], [0.0014821821730540456, 1.0000001838863224, 0.0001468454782950077], [-0.057405382781397396, -6.151911937710654e-05, 0.9983471158129638]]
[[0.9983448142534687, -0.001478163772113645, 0.05744508977634262], [0.001472198702097576, 1.0000001987679354, 0.00014627142675077516], [-0.05744531666581615, -6.145999292465258e-05, 0.998344819606728]]
[[0.9983396588969559, -0.0014681693015253289, 0.05753494227282149], [0.0014622152539550412, 1.0000002135495731, 0.00014569697585301174], [-0.05753516770042394, -6.132785818534125e-05, 0.9983396495485165]]
[[0.9983344953540153, -0.0014581748188970697, 0.05762479429825062], [0.0014522318573660716, 1.000000228231266, 0.00014512162643028352], [-0.05762501827104066, -6.119662294839617e-05, 0.9983344714035808]]
[[0.9983275948741414, -0.001448182160209511, 0.05774459588603531], [0.0014428259605966537, 1.0000002434232427, 0.0001345621029230201], [-0.057744803989740696, -5.102283954227226e-05, 0.9983275578735445]]
[[0.998321834822002, -0.0014381872600592327, 0.0578444299874437], [0.0014328426846479123, 1.0000002579050642, 0.00013398465696415975], [-0.05784463675067094, -5.087902132649473e-05, 0.9983217834138214]]
[[0.9983166288046944, -0.001438191839171152, 0.057934278947950946], [0.0014328426846479123, 1.0000002579050642, 0.00013398465696415975], [-0.05793448571580492, -5.07495844730894e-05, 0.9983165774151225]]
[[0.9983102560112657, -0.001438197421625444, 0.05804409377146661], [0.0014334231276533621, 1.000000258410978, 0.00012400155491771537], [-0.058044286216546594, -4.0591380791729927e-05, 0.9983102059842848]]
[[0.9983032906969197, -0.001438202292591139, 0.05816389099618473], [0.0014340047684878348, 1.000000258815166, 0.00011401852251078505], [-0.05816406911303667, -3.0418794517025094e-05, 0.9983032419330478]]
[[0.9982963110086261, -0.0014382059428464811, 0.05828368738521669], [0.0014351704457979933, 1.00000025942009, 9.405259726546248e-05], [-0.05828383682782493, -1.0246205065610837e-05, 0.9982962645464987]]
[[0.9982904826249434, -0.0014382069674669876, 0.05838351701167134], [0.0014363381191271718, 1.0000002596221378, 7.408678854190728e-05], [-0.05838363775551688, 9.897620717075614e-06, 0.9982904380588121]]
[[0.9982852280975454, -0.001438206076681123, 0.058473363151096636], [0.0014375075888051509, 1.0000002594215966, 5.4121084871061655e-05], [-0.05847345517219074, 3.0027064536590402e-05, 0.9982851850240168]]
[[0.9982834595188144, -0.0014482051784634028, 0.05850331116543651], [0.0014492455431979843, 1.0000002441374205, 2.475731557787847e-05], [-0.05850336030388918, 6.007051807015474e-05, 0.998283432464313]]
[[0.9982816899255498, -0.001458203378789235, 0.05853325942083728], [0.0014603990439693171, 1.0000002284530833, 5.376715142233122e-06], [-0.05853327962267242, 8.011426881868926e-05, 0.9982816778718324]]
[[0.9982810899887631, -0.0014682025799310776, 0.05854324218384885], [0.001471552726117361, 1.0000002122684706, -1.4003574114343281e-05], [-0.05854323303178842, 0.00010012895512992098, 0.9982810926584798]]
[[0.9982793189762449, -0.0014781995781851084, 0.05857319075666434], [0.0014827070006465295, 1.0000001955829787, -3.3383728419728996e-05], [-0.058573151833335876, 0.0001201733051591115, 0.9982793360928471]]
[[0.9982775469546199, -0.0014881959749417834, 0.05860313947058441], [0.0014938618558405412, 1.000000178396624, -5.276354809010464e-05], [-0.05860307035866447, 0.00014021795476253538, 0.9982775782411545]]
[[0.9982798761388156, -0.00149820158544394, 0.05856320889509025], [0.001505015894095235, 1.0000001607115037, -7.214311514273389e-05], [-0.05856310918049121, 0.00016015803019375964, 0.9982799213232041]]
[[0.9982827892441157, -0.0015082095949525648, 0.05851329562045524], [0.0015155838248084976, 1.0000001441286617, -8.154031154861984e-05], [-0.05851318003744984, 0.00017008262157170196, 0.9982828487681101]]
[[0.998286300034918, -0.0015082197999098591, 0.058453398649529156], [0.0015161683576391985, 1.0000001424287404, -9.152317514427831e-05], [-0.058453267914256944, 0.00017999213043729144, 0.9982863587504442]]
[[0.9982909762963512, -0.001508234199280294, 0.05837353574082912], [0.0015161683576391985, 1.0000001424287404, -9.152317514427831e-05], [-0.05837340501025415, 0.00017987147285329866, 0.9982910350223362]]
[[0.998295646168752, -0.0015082485889981224, 0.05829367245802733], [0.0015161683576391985, 1.0000001424287404, -9.152317514427831e-05], [-0.05829354173215044, 0.00017975081411735624, 0.9982957049051955]]
[[0.9983003096520906, -0.0015082629690632517, 0.05821380880163491], [0.001516750494420003, 1.0000001406324388, -0.00010150617882826823], [-0.05821366291877337, 0.00018963015565452381, 0.9983003674837604]]
[[0.9983102211422917, -0.0014982952047833888, 0.05804409672410088], [0.0015067674913234821, 1.0000001557150684, -0.00010208831691628459], [-0.05804395186355404, 0.00018937545095002212, 0.9983102638310841]]
[[0.9983172014841902, -0.0014883179282803522, 0.05792429847155798], [0.0014967843891120591, 1.0000001706980204, -0.00010266875788352559], [-0.05792415463520884, 0.00018919685552563496, 0.9983172291225685]]
[[0.9983247316242928, -0.0014883425238715706, 0.05779451723177204], [0.001496206445378069, 1.000000172588054, -9.268551029071189e-05], [-0.05779438836685979, 0.00017900337248797832, 0.9983247603080574]]
[[0.9983328378007287, -0.0014783675826178385, 0.057654750838473816], [0.0014856466518328028, 1.0000001892594432, -8.328012694762621e-05], [-0.05765463776456968, 0.00016879640266016313, 0.9983328524729747]]
[[0.9983415008528599, -0.001468392900185643, 0.0575050000778016], [0.0014750882745764287, 1.0000002057288806, -7.38732594491562e-05], [-0.05750490259330433, 0.00015857614548262316, 0.9983415015240423]]
[[0.9983478411430279, -0.0014584103415043574, 0.057395181773901356], [0.0014651048595679002, 1.0000002204128096, -7.444830944993421e-05], [-0.05739508502658792, 0.00015841572226382903, 0.9983478270739696]]
[[0.9983553171551299, -0.0014484309333441235, 0.05726539581189865], [0.0014545487281584165, 1.0000002365791874, -6.503870838319819e-05], [-0.0572653143565485, 0.0001482274265697509, 0.9983552891977261]]
[[0.9983604710334221, -0.0014484442738125147, 0.057175543835870854], [0.0014539769735346364, 1.000000238060158, -5.50551039523647e-05], [-0.057175476923491814, 0.00013809706541995803, 0.9983604437337362]]
[[0.9983662031208841, -0.001438458081138455, 0.05707570724094644], [0.0014439933688243022, 1.0000002525446008, -5.562685939072341e-05], [-0.0570756408749345, 0.00013795322099281483, 0.9983661612880648]]
[[0.9983730666377227, -0.0014284746329995281, 0.05695590274532328], [0.0014334401484238052, 1.0000002683069997, -4.621388635940421e-05], [-0.05695585126892427, 0.00012778180335408946, 0.9983730109348431]]
[[0.9983782069987384, -0.00141848613067876, 0.05686604871220028], [0.0014228877577805116, 1.0000002838682873, -3.679966401719696e-05], [-0.05686601192620096, 0.0001176541378114435, 0.998378137433883]]
[[0.9983833391686894, -0.0014084967167124801, 0.05677619431183459], [0.0014129039757105242, 1.0000002980531486, -3.736832450431896e-05], [-0.05677615788629047, 0.00011752737405993789, 0.998383255378234]]
[[0.9983884631519389, -0.001398507291195614, 0.0566863394451673], [0.0014029201423188373, 1.0000003121381158, -3.793608644743731e-05], [-0.05668630338449367, 0.00011740150935570202, 0.9983883652356884]]
[[0.9983952795375465, -0.0013885213762553556, 0.05656653246197815], [0.0013923705927196455, 1.0000003272955376, -2.8518998165925213e-05], [-0.05656651069659452, 0.00010723488521990123, 0.9983951679814058]]
[[0.9984020814425361, -0.0013785342411686268, 0.0564467247566304], [0.0013818221728916563, 1.000000342251446, -1.9100643930892322e-05], [-0.05644671708524557, 9.706945924333583e-05, 0.9984019562561137]]
[[0.9984083043996371, -0.001368544915386629, 0.05633690035043579], [0.0013712747831486833, 1.0000003570059777, -9.681029524500467e-06], [-0.0563369065731484, 8.691891691681587e-05, 0.998408165592467]]
[[0.9984150785411737, -0.0013585553420865993, 0.0562170912737544], [0.0013607285291289371, 1.0000003715589858, -2.6024926779984956e-07], [-0.05621711118788192, 7.675588782048361e-05, 0.9984149261229414]]
[[0.9984212760306896, -0.0013485637815186695, 0.05610726562927838], [0.001350183305488248, 1.0000003859106146, 9.161790919492418e-06], [-0.05610729903518937, 6.66075428818174e-05, 0.9984211100112054]]
[[0.9984291445543877, -0.0013385731027155668, 0.05596748676549472], [0.0013396394175273945, 1.0000004000604537, 1.8585007913483697e-05], [-0.05596753345664574, 5.6420139958982546e-05, 0.9984289649423991]]
[[0.9984353143794621, -0.0013285793049303577, 0.055857659765201136], [0.0013296551260818506, 1.0000004134461846, 1.802533304582875e-05], [-0.05585770624927116, 5.62739969181239e-05, 0.9984351213659637]]
[[0.9984392377154508, -0.00131858323997568, 0.05578776948695885], [0.001319670772938056, 1.0000004267319778, 1.746675644817674e-05], [-0.055787815776333835, 5.6181696367068186e-05, 0.9984390314021598]]
[[0.9984425981811051, -0.0013085866066101424, 0.055727863319742284], [0.0013096863805609016, 1.0000004399178102, 1.6908878753307152e-05], [-0.05572790942127911, 5.6103181372925686e-05, 0.9984423786683395]]
[[0.9984442831152516, -0.0012985882853064055, 0.05569791021747102], [0.0012997019545790906, 1.0000004530036763, 1.635160012010973e-05], [-0.05569795614294077, 5.606422377485936e-05, 0.9984440505042442]]
[[0.9984470810100783, -0.0012885910839875575, 0.0556479881784618], [0.001289717511747938, 1.0000004659895592, 1.5794621017935022e-05], [-0.05564803392813516, 5.599979436082054e-05, 0.9984468353997633]]
[[0.9984498763089498, -0.00127859387931738, 0.05559806599463803], [0.0012791770598221028, 1.0000004794348285, 2.5222637314142205e-05], [-0.055598124370770205, 4.593586001809946e-05, 0.9984496176467987]]
[[0.998452669006939, -0.0012685961713160324, 0.05554814376598206], [0.0012691925610590134, 1.0000004922207673, 2.4666656654195826e-05], [-0.05554820187631517, 4.587243032437331e-05, 0.9984523975501111]]
[[0.9984543481449208, -0.0012585975425667346, 0.05551819044072212], [0.001259208034368944, 1.0000005049067289, 2.4111175216536006e-05], [-0.05551824829586421, 4.583467243938149e-05, 0.9984540639944315]]
[[0.9984565814669331, -0.0012485993709045649, 0.0554782525192741], [0.0012486687077862804, 1.0000005179505516, 3.3540556159349376e-05], [-0.05547832261366963, 3.578472336295374e-05, 0.9984562844864988]]
[[0.9984593678697509, -0.0012386011549612274, 0.05542833004045534], [0.0012381298579737714, 1.0000005307937734, 4.297036421814805e-05], [-0.055428412170813374, 2.572278809030203e-05, 0.9984590580692838]]
[[0.9984632602399014, -0.001228602950248456, 0.05535843833609413], [0.00122703809389479, 1.0000005436925206, 6.238533967879183e-05], [-0.055358544577101085, 5.636775146230601e-06, 0.9984629372040951]]
[[0.9984677011938485, -0.0012186033957535423, 0.0552785619249712], [0.0012159478879420849, 1.000000556089336, 8.180110261301513e-05], [-0.05527869185636949, -1.4460724208925326e-05, 0.9984673646425767]]
[[0.9984710300748388, -0.0012086025225491964, 0.055218654701103674], [0.001204858835254275, 1.000000567984705, 0.00010121773062089224], [-0.055218807912832506, -3.4533251777844284e-05, 0.9984706797313749]]
[[0.9984738030638228, -0.0011986007902067605, 0.05516873217929441], [0.0011937707472663122, 1.0000005793788667, 0.00012063501288716441], [-0.05516890825820883, -5.459319350510236e-05, 0.9984734386508497]]
[[0.9984765734469432, -0.0011885980547532966, 0.055118809713712], [0.0011826836295443248, 1.000000590271822, 0.00014005284950712184], [-0.05511900824317894, -7.46526353716205e-05, 0.9984761946858525]]
[[0.998479892414274, -0.001178593569692456, 0.05505890254255934], [0.001171597681816894, 1.0000006006633357, 0.0001594712514462751], [-0.05505912310203979, -9.47233632977076e-05, 0.9984794990244861]]
[[0.9984815441879671, -0.0011785907279915572, 0.0550289481575886], [0.0011710473901298413, 1.0000005997157486, 0.00016945606295419073], [-0.05502918042124418, -0.00010475872711143172, 0.9984811491968498]]
[[0.9984832067738536, -0.0011685875792325864, 0.05499899541767333], [0.0011599625901684704, 1.0000006094057803, 0.00018887542947392175], [-0.05499924919581872, -0.00012479379706312467, 0.99848279668723]]
[[0.9984881567062812, -0.0011685763477908508, 0.054909131965971476], [0.0011588644024543263, 1.000000606907801, 0.0002088451844058581], [-0.05490940890646088, -0.0001448989821333712, 0.9984877428193089]]
[[0.9984941967412609, -0.001168560408902816, 0.05479929831426135], [0.0011577684109501417, 1.0000006040072504, 0.0002288150600623346], [-0.05479959838651124, -0.0001650275376697842, 0.9984937786469213]]
[[0.9985029646770028, -0.001168534004496789, 0.05463953930967784], [0.0011566756141638411, 1.0000006007029603, 0.00024878511099302766], [-0.054639862470400855, -0.00018521451941535367, 0.9985025419583504]]
[[0.9985127998522475, -0.001168500665883294, 0.054459808852125334], [0.0011550418102057383, 1.0000005951402147, 0.00027874048230529046], [-0.054460166637027414, -0.0002154248735572519, 0.9985123696118728]]
[[0.9985209688772431, -0.0011684683521522605, 0.05431003199668355], [0.0011539556024113974, 1.0000005908282117, 0.0002987108930769545], [-0.05431041281788578, -0.00023560016055993867, 0.998520533008391]]
[[0.9985291154391658, -0.0011684330121281765, 0.05416025391673229], [0.0011528723897179464, 1.000000586112703, 0.00031868146666721834], [-0.054160657751666244, -0.00025577544262932574, 0.9985286735389727]]
[[0.9985361563246735, -0.0011683997613206347, 0.05403044518917222], [0.0011517917727386132, 1.0000005809941563, 0.000338652180954658], [-0.054030872024106946, -0.00027592735064315647, 0.9985357079983526]]
[[0.9985420997205962, -0.0011683694093120639, 0.05392060626129241], [0.001150713352077675, 1.0000005754730388, 0.0003586230139816045], [-0.053921056082746686, -0.00029605588623678484, 0.9985416445742799]]
[[0.9985480310367653, -0.001168336843164578, 0.053810766680389234], [0.0011496371277486394, 1.0000005695493506, 0.00037859396549842387], [-0.053811239466044464, -0.0003161844183812699, 0.9985475686685084]]
[[0.9985539502731066, -0.001168302062878556, 0.053700926447835695], [0.0011485630997649869, 1.000000563223092, 0.00039856503525548075], [-0.05370142217537298, -0.000336312946825005, 0.9985534802809638]]
[[0.9985577093726589, -0.0011682785209722784, 0.05363102770421603], [0.0011480267845309982, 1.0000005598591446, 0.0004085506076489389], [-0.053631534884484855, -0.0003463947336016375, 0.9985572353601648]]
[[0.998560927264752, -0.0011682577372882624, 0.05357111427009442], [0.0011480267845309982, 1.0000005598591446, 0.0004085506076489389], [-0.0535716214219225, -0.0003464648303128958, 0.9985604532218271]]
[[0.9985641415620373, -0.0011682369493984436, 0.05351120064290111], [0.0011480267845309982, 1.0000005598591446, 0.0004085506076489389], [-0.05351170776628661, -0.0003465349257771331, 0.9985636674886833]]
[[0.9985662820303479, -0.0011682230880014125, 0.05347125809620156], [0.0011485615021830046, 1.0000005633249611, 0.0003985649495695718], [-0.05347175372035628, -0.00033658164965651757, 0.9985658120222151]]
[[0.9985689556180339, -0.0011682062589189297, 0.05342132980560045], [0.0011485615021830046, 1.0000005633249611, 0.0003985649495695718], [-0.05342182540625476, -0.00033664006081091764, 0.9985684855851199]]
[[0.9985732293640665, -0.0011681793277140647, 0.05334144432675364], [0.0011480280827841065, 1.000000559957626, 0.0004085506771624869], [-0.05334195137542034, -0.00034673352294488076, 0.9985727553058549]]
[[0.998578563559204, -0.0011681446543617704, 0.053241587051223054], [0.0011480280827841065, 1.000000559957626, 0.0004085506771624869], [-0.05324209405248393, -0.00034685034087765217, 0.9985780894502876]]
[[0.9985817580848472, -0.0011681238433413176, 0.05318167236585604], [0.0011480280827841065, 1.000000559957626, 0.0004085506771624869], [-0.05318217933867038, -0.0003469204295569139, 0.9985812839455107]]
[[0.9985838853720207, -0.0011681099665241353, 0.05314172911449822], [0.0011480280827841065, 1.000000559957626, 0.0004085506771624869], [-0.05314223606834698, -0.00034696715451064755, 0.9985834112124053]]
[[0.998584948216742, -0.0011681030271810452, 0.053121757446273975], [0.001148559305428013, 1.0000005634275313, 0.000398564832422017], [-0.053122252910358714, -0.00033699051111040173, 0.9985844781324945]]
[[0.9985854794392711, -0.0011680996572759341, 0.05311177160149265], [0.0011490904280986216, 1.0000005667975531, 0.0003885789823285163], [-0.05311225557528349, -0.0003270021865063982, 0.9985850133357174]]
[[0.9985854794392711, -0.0011680996572759341, 0.05311177160149265], [0.0011496215506543745, 1.000000570067575, 0.00037859313219515916], [-0.05311224408437921, -0.00031700218083842267, 0.9985850172215072]]
[[0.9985860105617119, -0.0011680964872541257, 0.053101785751320435], [0.0011501525732366704, 1.0000005732377135, 0.0003686072767117669], [-0.05310224673336931, -0.0003070138561343197, 0.9985855521251545]]
[[0.9985865415841793, -0.0011680934171155643, 0.05309179989579919], [0.0011501525732366704, 1.0000005732377135, 0.0003686072767117669], [-0.05309226087326369, -0.00030702553709919227, 0.998586083143012]]
[[0.9985876034293967, -0.0011680872766048223, 0.053071828174136325], [0.0011501525732366704, 1.0000005732377135, 0.0003686072767117669], [-0.05307228914243201, -0.00030704889896753456, 0.9985871449790099]]
[[0.998589737822488, -0.0011580749889164865, 0.05303188837440993], [0.0011401666972023763, 1.0000005849185862, 0.00036807655843002553], [-0.05303234563783477, -0.00030709522245836945, 0.9985892678522843]]
[[0.9985918591163135, -0.0011580627051075883, 0.05299194480369584], [0.0011401666972023763, 1.0000005849185862, 0.00036807655843002553], [-0.052992402048321875, -0.0003071415454579261, 0.9985913891278193]]
[[0.998594508736416, -0.0011580473480303154, 0.05294201523423945], [0.0011396372724778226, 1.0000005818465918, 0.00037806249881727614], [-0.05294248385703303, -0.0003171994544423673, 0.9985940350442939]]
[[0.9985955675860931, -0.0011580410040412266, 0.05292204335353856], [0.001139108047358154, 1.0000005786743655, 0.00038804844975612215], [-0.052922523363231035, -0.0003272226212077938, 0.9985950901039735]]
[[0.9985966146454799, -0.0011680344653755461, 0.05290206757125199], [0.001149094003034015, 1.0000005670939556, 0.00038857767018965754], [-0.052902551452107135, -0.0003272459820279904, 0.998596148544763]]
[[0.9985976612055689, -0.0011780279261268452, 0.05288209176250439], [0.0011590799691804697, 1.0000005554136109, 0.0003891066908653701], [-0.05288257952004404, -0.0003272695427174113, 0.9985972065860367]]
[[0.9985981900313641, -0.001178024653431418, 0.05287210579043853], [0.0011590799691804697, 1.0000005554136109, 0.0003891066908653701], [-0.05287259354343198, -0.00032728132299667255, 0.9985977354069543]]
[[0.9985965922627581, -0.0011880344774252442, 0.05290205983143383], [0.0011690659510807833, 1.0000005436333643, 0.00038963541192327445], [-0.0529025514887852, -0.000327245682256903, 0.9985961492438973]]
[[0.9985955225210688, -0.001198041027775223, 0.05292202785806459], [0.001179051917003411, 1.0000005317530196, 0.0003901644325215888], [-0.05292252342039664, -0.0003272217215672457, 0.9985950912027786]]
[[0.9985944522800813, -0.0012080475775271848, 0.052941995858244315], [0.0011895672971819276, 1.000000523044585, 0.0003807077124725464], [-0.05294248344023253, -0.00031719755554885775, 0.998594036669236]]
[[0.998592852109905, -0.001218057098684297, 0.05297194987226726], [0.0012000829661174628, 1.0000005141357193, 0.00037125120794703406], [-0.052972429277911647, -0.00030716100901173393, 0.9985924522218458]]
[[0.998591250936197, -0.0012280663186559247, 0.05300190393332183], [0.001210598918509193, 1.00000050502639, 0.00036179501881512214], [-0.05300237496242598, -0.0002971241622790677, 0.9985908667812703]]
[[0.998589648758959, -0.001238075237431057, 0.05303185804137508], [0.001221115154345551, 1.000000495716597, 0.0003523391450872127], [-0.053032320493742575, -0.0002870870153618992, 0.9985892803475112]]
[[0.9985869849317828, -0.001248089596738991, 0.053081783982001], [0.0012321626958326519, 1.000000489076337, 0.0003328977310925307], [-0.053082225353548944, -0.0002670246019330629, 0.9985866358121744]]
[[0.9985843184988882, -0.0012581029528598512, 0.0531317099848143], [0.0012426798872289917, 1.000000479265058, 0.0003234427091151193], [-0.053132142280693795, -0.000256961692687027, 0.9985839850574273]]
[[0.9985805743953308, -0.0012781209497636406, 0.053201604394914136], [0.0012637156144625944, 1.0000004592404435, 0.00030453373799805194], [-0.05320201792821749, -0.00023687221639759587, 0.998580272328288]]
[[0.9985805617581747, -0.001288120954356045, 0.05320160134957676], [0.0012742334403858298, 1.0000004488279561, 0.0002950799513187182], [-0.05320200519120329, -0.00022687221193300351, 0.9985802753789456]]
[[0.998580004253454, -0.0013081232320547233, 0.05321158125073152], [0.0012952692914409247, 1.0000004276027197, 0.0002761723884784499], [-0.053211965112464996, -0.00020685912226205944, 0.9985797492858707]]
[[0.998579446228417, -0.0013281253091980002, 0.05322156152477661], [0.0013157731110351161, 1.0000004035087136, 0.0002672508279317634], [-0.05322193775983956, -0.00019684583701525083, 0.9985792199424797]]
[[0.9985783554741995, -0.0013481292541849149, 0.0532415277641589], [0.0013362771190531667, 1.000000378914396, 0.0002583294776071454], [-0.05324189599079082, -0.0001868188707394434, 0.9985781581945087]]
[[0.9985767314917774, -0.001368134866329325, 0.05327147994231518], [0.0013567814046960573, 1.0000003538195894, 0.0002494085425529403], [-0.05327183977816642, -0.0001767778233420724, 0.9985765635427738]]
[[0.9985745734825582, -0.0013881419445186504, 0.05331141801668604], [0.0013772860571543563, 1.0000003282241152, 0.00024048822782494887], [-0.05331176907881127, -0.00016672229468256723, 0.9985744351885154]]
[[0.9985724134660738, -0.00140814861997492, 0.05335135618432902], [0.0013983245828652203, 1.0000003037945957, 0.00022158301013064282], [-0.053351684115497774, -0.00014666596299529836, 0.9985723075630762]]
[[0.998568117364853, -0.0014281603593278517, 0.053431237537273864], [0.0014188303468336053, 1.0000002770971403, 0.00021266435685978006], [-0.053431555723377426, -0.00013655170834889807, 0.9985680416814363]]
[[0.9985648830949027, -0.0014481685579722954, 0.053491147366487614], [0.0014393366238789895, 1.0000002498985814, 0.00020374733325245113], [-0.05349145542069963, -0.00012646481624166656, 0.9985648379447691]]
[[0.9985621797353992, -0.0014681748862110792, 0.053541071533438185], [0.0014598433353775217, 1.0000002221991242, 0.00019483153456590483], [-0.05354136907033582, -0.00011639140560416594, 0.998562165435776]]
[[0.9985578672290069, -0.00148818420196751, 0.053620952610042356], [0.0014798145789722296, 1.0000001928356266, 0.00019590235599657358], [-0.0536212540423789, -0.00011627235161291354, 0.9985578821503651]]
[[0.9985567652076345, -0.0015081865312712548, 0.053640919849638244], [0.001500322148568801, 1.0000001642343646, 0.0001869892069514605], [-0.053641210201274186, -0.00010624218629807762, 0.998556811701139]]
[[0.9985556623769875, -0.0015281886593996679, 0.053660887246088126], [0.0015202932838729538, 1.000000134070634, 0.00018806202534845328], [-0.05366118133597821, -0.00010621162256738651, 0.9985557388828168]]
[[0.9985550953593084, -0.0015481897241973062, 0.053670869042236447], [0.0015402643971204936, 1.0000001035068606, 0.00018913524309337504], [-0.05367116689229792, -0.0001061961406807657, 0.998555202273982]]
[[0.9985534544190137, -0.001568192912151664, 0.0537008219155998], [0.0015602354990276797, 1.0000000725430662, 0.00019020866047421978], [-0.05370112354423454, -0.00010614909498897768, 0.9985535921480242]]
[[0.9985496641356556, -0.0015882003440391747, 0.05377071686287695], [0.00158020656811606, 1.000000041179208, 0.00019128267691253178], [-0.05377102228385954, -0.0001060379214850255, 0.9985498330907564]]
[[0.9985442712313616, -0.0015982109482431154, 0.05387056993335925], [0.0015901920647574167, 1.0000000252972046, 0.00019182038408116056], [-0.053870877248692904, -0.0001058781014505804, 0.9985444560192615]]
[[0.9985383295329435, -0.0016082225950872471, 0.05398040790531753], [0.001600717314640898, 1.0000000103721072, 0.00018237370447792635], [-0.05398070111500407, -9.570119815309488e-05, 0.9985385321803707]]
[[0.9985329314628321, -0.0016082321652070625, 0.054080261758535565], [0.0016012581201903776, 1.000000011327511, 0.00017238837313653056], [-0.05408053894078421, -8.554037578986508e-05, 0.9985331359633172]]
[[0.9985280482017462, -0.0016182398639541587, 0.05417012801688853], [0.0016117851535740377, 0.9999999960991366, 0.0001629438930667168], [-0.054170390790740236, -7.539473494253437e-05, 0.9985282704692058]]
[[0.9985215316369999, -0.0016282489112833432, 0.0542899497799059], [0.001622856238339147, 0.9999999814207249, 0.0001435151589458049], [-0.054290181719181624, -5.519934656052978e-05, 0.9985217733237511]]
[[0.998516102618828, -0.0016282544312179992, 0.054389801957238276], [0.001623944039016594, 0.9999999825214553, 0.00012354483205922944], [-0.05439000141522056, -3.503652204098695e-05, 0.9985163471990763]]
[[0.9985106636186865, -0.0016282579348702033, 0.05448965359195818], [0.0016255787346073584, 0.9999999835676662, 9.358950481266301e-05], [-0.05448980430716127, -4.87369712222149e-06, 0.9985109119252257]]
[[0.9985041248421695, -0.001628258519713858, 0.05460947490138921], [0.0016266709271190944, 0.9999999836612323, 7.361941734932712e-05], [-0.05460959307522083, 1.532169350131626e-05, 0.9985043750385847]]
[[0.9984975716910005, -0.0016282566811106377, 0.05472929542639384], [0.0016283128095262004, 0.9999999831957198, 4.366448269227923e-05], [-0.054729364770074077, 4.551708403351889e-05, 0.9984978241101791]]
[[0.9984926460481712, -0.0016282525845730748, 0.054819160230563754], [0.001629409194117231, 0.9999999822824472, 2.369462472280741e-05], [-0.054819196985270074, 6.566362679873325e-05, 0.9984928993468803]]
[[0.9984871804225647, -0.0016182460183875704, 0.05491900975744469], [0.0016210718390442945, 0.9999999965902096, -6.808189402423236e-06], [-0.054918997668776275, 9.582545201415748e-05, 0.9984874181252266]]
[[0.9984828031134696, -0.0016082383523855072, 0.05499888868281281], [0.0016121869447729591, 1.0000000108535876, -2.7327039992086714e-05], [-0.05499884442276759, 0.00011595411195108461, 0.9984830244573037]]
[[0.9984784193277851, -0.0015982290759480153, 0.05507876705149899], [0.0016033036912027905, 1.0000000246143317, -4.784660136983946e-05], [-0.05507869100426408, 0.0001360819715579862, 0.9984786239886904]]
[[0.9984734782786316, -0.0015882168283244318, 0.05516862964919196], [0.0015944222780907816, 1.0000000378721243, -6.836686237834842e-05], [-0.055168522197068415, 0.0001562249129867318, 0.9984736659317509]]
[[0.9984663223149689, -0.0015781965187070222, 0.05529843054209447], [0.0015855435097830216, 1.000000050625691, -8.888787855504004e-05], [-0.05529829206256652, 0.00017643008224945057, 0.9984664926316145]]
[[0.9984597023753564, -0.0015681753465908953, 0.05541824563233148], [0.0015766672087203348, 1.000000062875291, -0.00010941005999686212], [-0.05541807651197004, 0.0001966182671597878, 0.9984598550312389]]
[[0.9984536221536122, -0.0015581537179527548, 0.05552807512228431], [0.0015672378907673908, 1.0000000765891477, -0.00011994878004342884], [-0.055527891414139545, 0.00020678966723341408, 0.9984537579246974]]
[[0.9984486403157639, -0.0015481351061168123, 0.055617934761009735], [0.0015578095320682701, 1.0000000901013948, -0.00013048854839863212], [-0.055617736669010334, 0.00021692900198966774, 0.9984487591930037]]
[[0.998443650297559, -0.0015381155816056194, 0.05570779384445162], [0.0015478250456651126, 1.0000001055827459, -0.0001310447277462422], [-0.055707597048040784, 0.00021706743414913717, 0.9984437535789926]]
[[0.9984392091680456, -0.0015280982151550599, 0.05578766803429066], [0.001537282734436724, 1.0000001231357987, -0.00012161741271513081], [-0.05578748791970894, 0.00020718968218594213, 0.9984392982716079]]
[[0.9984342190397876, -0.001508079565620947, 0.05587752513878685], [0.00151675517677885, 1.000000155771017, -0.00011274882330199959], [-0.05587736262444067, 0.00019732540948810682, 0.9984342786090354]]
[[0.9984286616386286, -0.0014880598299645779, 0.05597736631167128], [0.0014962267203375607, 1.0000001879073503, -0.00010388208689620786], [-0.05597722101724309, 0.00018747421558503127, 0.9984286919954107]]
[[0.9984236386510043, -0.0014780429554061016, 0.056067223855129994], [0.001485681762925193, 1.000000204664021, -9.445762401899921e-05], [-0.05606709446056151, 0.00017760723894167947, 0.9984236550769547]]
[[0.9984180467983759, -0.0014680251926355672, 0.05616706527606145], [0.001475697526538683, 1.0000002194444506, -9.501829625755052e-05], [-0.05616693682591229, 0.00017775404323701541, 0.9984180483546636]]
[[0.9984118831923003, -0.0014580056374963665, 0.0562768903111975], [0.0014657133460706992, 1.0000002341247025, -9.557996691031114e-05], [-0.05627676281268338, 0.00017791442600796395, 0.9984118699775878]]
[[0.9984073957084089, -0.0014479914020010388, 0.05635676230499604], [0.0014557292272387762, 1.0000002487047588, -9.61427358134231e-05], [-0.05635663576451133, 0.00017803026645877635, 0.9984073678264394]]
[[0.9984034653011976, -0.0014379789373953392, 0.05642664985931653], [0.0014451808880388598, 1.000000264965982, -8.672226920794161e-05], [-0.056426538740681466, 0.0001681309232248956, 0.9984034238202083]]
[[0.998400094160682, -0.001427968846890286, 0.056486553197523055], [0.001434631988956353, 1.0000002810279374, -7.730253532432209e-05], [-0.056486457301435186, 0.00015821659916752262, 0.9984000390941341]]
[[0.9983978490487099, -0.0014179625154160398, 0.05652648842606147], [0.0014240827240816884, 1.0000002968903592, -6.788342305997696e-05], [-0.056526407552255346, 0.00014827331496820956, 0.9983977804107111]]
[[0.998394471705084, -0.001407953616048238, 0.05658639161405188], [0.0014135328824769608, 1.0000003125535624, -5.84647440560231e-05], [-0.056586325565040174, 0.00013835778960825655, 0.9983943895059332]]
[[0.9983905106622945, -0.0014079439310029655, 0.056656279221317295], [0.0014135328824769608, 1.0000003125535624, -5.84647440560231e-05], [-0.05665621317805953, 0.00013845634636137992, 0.9983904284585202]]
[[0.9983876778516355, -0.0014079370081856474, 0.05670619874274022], [0.001412965821149925, 1.0000003139388298, -4.848086809957751e-05], [-0.056706146838921466, 0.00012852674043239442, 0.9983875962292066]]
[[0.9983831413598884, -0.0014079267260464128, 0.05678606975043856], [0.001412965821149925, 1.0000003139388298, -4.848086809957751e-05], [-0.056786017853149594, 0.00012863937539304927, 0.9983830597333072]]
[[0.9983797483284754, -0.001397919004544501, 0.05684597224921388], [0.0014024135305279013, 1.0000003293053297, -3.906493227139038e-05], [-0.056845934872298866, 0.00011872324771624272, 0.9983796530596386]]
[[0.9983763515965184, -0.0013879118778565847, 0.056905874637748134], [0.001391860674668036, 1.000000344472585, -2.964962957086925e-05], [-0.05690585158233735, 0.00010880651942347262, 0.998376242697661]]
[[0.9983763515965184, -0.0013879118778565847, 0.056905874637748134], [0.0013912916161522126, 1.00000034556065, -1.966586714389264e-05], [-0.0569058655009441, 9.880651597874676e-05, 0.9983762429941573]]
[[0.9983757825378634, -0.0013879108897914248, 0.05691585840017808], [0.001390722457659568, 1.000000346548854, -9.68211040453853e-06], [-0.05691586317737622, 8.882039164191883e-05, 0.9983756741320696]]
[[0.9983746442205998, -0.001387909113383592, 0.05693582591366072], [0.001390722457659568, 1.000000346548854, -9.68211040453853e-06], [-0.056935830693026976, 8.884814985971466e-05, 0.9983745358149017]]
[[0.9983712280707583, -0.0013879037824946004, 0.056995728385809616], [0.0013901525003278512, 1.0000003474381682, 3.0160079211493995e-07], [-0.056995747078904785, 7.893142094102914e-05, 0.998371119762168]]
[[0.9983672522699878, -0.0013778982538207528, 0.05706561436720898], [0.0013790274753858267, 1.0000003628977636, 1.969898610948046e-05], [-0.0570656606692186, 5.902786697921642e-05, 0.9983671300665479]]
[[0.9983632714640156, -0.0013678941182410868, 0.0571355002633035], [0.00136790109193557, 1.0000003778592186, 3.9095592675278935e-05], [-0.05713557375871888, 3.912361232319491e-05, 0.9983631350909618]]
[[0.9983592856528634, -0.0013578913758096319, 0.057205386073715794], [0.0013573454046290432, 1.0000003919303464, 4.850782902870506e-05], [-0.05720547276785348, 2.921866099582569e-05, 0.9983591352206735]]
[[0.998356438952679, -0.0013478899109572785, 0.05725530451555512], [0.0013462167039578583, 1.0000004060949812, 6.790290066699482e-05], [-0.05725541768005103, 9.286047454235005e-06, 0.99835627399263]]
[[0.9983541621981389, -0.0013378895354544307, 0.05729523944554383], [0.0013350872325295685, 1.0000004197606716, 8.729742729744771e-05], [-0.05729537866281041, -1.066044534096675e-05, 0.9983539824338153]]
[[0.9983524566876513, -0.0013278898510701842, 0.05732519093799112], [0.001323383931028945, 1.0000004328209486, 0.00011667504281029045], [-0.05732536904118761, -4.062062164921605e-05, 0.9983522609748715]]
[[0.9983507501604194, -0.0013178910653606243, 0.05735514267257079], [0.0013116797468736099, 1.0000004448824145, 0.0001460523071374838], [-0.05735535901729745, -7.058109833680922e-05, 0.9983505377360546]]
