
[[0.99121495, -0.06686255, 0.1135], [0.06912774099, 0.9974764854900001, -0.0160947], [-0.11213736610500001, 0.023800526145, 0.9934006500000001]]
[[0.9911519685428485, -0.0669503973854765, 0.113998309795], [0.0692606523760371, 0.997462649032812, -0.01638135316975858], [-0.11261220206486747, 0.024133248233594775, 0.9933390741902651]]
[[0.9911719000729927, -0.06715712988975316, 0.11370358434337688], [0.06943641979761968, 0.9974540815739883, -0.016159878852866363], [-0.1123287524064977, 0.023913613414829525, 0.9933765463767864]]
[[0.9911494343225115, -0.06715234716707019, 0.11390225965265223], [0.06945892519497698, 0.9974492961650201, -0.016358549613998345], [-0.11251309950255277, 0.024126535657122274, 0.9933505736841471]]
[[0.9911944395623125, -0.06716199778133304, 0.11350491942317857], [0.06945892519497698, 0.9974492961650201, -0.016358549613998345], [-0.11211663972882377, 0.024099674718255446, 0.9933961345880082]]
[[0.991239286218204, -0.06717163765122035, 0.11310756096934337], [0.06944775317878168, 0.997451703446012, -0.016259205460342766], [-0.11172710784551834, 0.02397306498952641, 0.9934431724107389]]
[[0.9914473397876439, -0.0671150439978569, 0.111317737338458], [0.06934862925015986, 0.9974584206097771, -0.0162705162164397], [-0.10994286462973, 0.023852335583060835, 0.9936467630938267]]
[[0.991363444919478, -0.06719809320500973, 0.11201491712424531], [0.06946990135872126, 0.9974469292281901, -0.016458098210613607], [-0.11062298335838049, 0.02409887627776985, 0.9935655876618651]]
[[0.991305301745863, -0.06738794304034426, 0.11241563497895218], [0.06969037795234091, 0.997428664442487, -0.01663439938326443], [-0.11100558954394663, 0.0243253220087281, 0.9935174932393221]]
[[0.9912567679888862, -0.06727603751289565, 0.11291073028563352], [0.06960239754673427, 0.9974329673401802, -0.01674498707538768], [-0.11149428655459624, 0.024458709649138727, 0.993459621689458]]
[[0.9914797565619954, -0.06732495493219393, 0.1109238110422546], [0.06960239754673427, 0.9974329673401802, -0.01674498707538768], [-0.10951177301861847, 0.024324157574112937, 0.9936854431500293]]
[[0.991435951852788, -0.06731522526916428, 0.1113212852195146], [0.06962437921971851, 0.997428097122669, -0.016943715290112803], [-0.10989444444173392, 0.02455057414955385, 0.9936377246281973]]
[[0.9914029835194554, -0.06730786009691941, 0.11161937653690307], [0.06964641759476396, 0.9974231829689256, -0.01714243615576133], [-0.11017795035144581, 0.024770254336559137, 0.9936009394995734]]
[[0.9913148411591742, -0.06728804389345017, 0.11241425728850273], [0.06967970891658544, 0.9974157357387382, -0.017440489648960833], [-0.11095017881298294, 0.025123327579527347, 0.9935065012674972]]
[[0.9912996190943032, -0.0671832776543604, 0.11261121453979132], [0.06960280712110449, 0.9974174371900796, -0.017650427878442652], [-0.11113452705932246, 0.02533624973289995, 0.9934805284186343]]
[[0.9913107325470091, -0.0671858112793337, 0.11251186648694946], [0.06960280712110449, 0.9974174371900796, -0.017650427878442652], [-0.11103539709741303, 0.025329531405134515, 0.9934917895400883]]
[[0.9913259793457164, -0.06729061892933372, 0.11231493317182928], [0.06971302190799349, 0.9974081870015222, -0.017738528121020596], [-0.11083016614914033, 0.0254158153663908, 0.9935125283487252]]
[[0.9912594812460269, -0.06727536944011388, 0.11291104068883852], [0.06973530690034084, 0.9974030957635747, -0.01793721714889836], [-0.11141101913236616, 0.025655671375148705, 0.9934415916831979]]
[[0.9912553136748037, -0.06717306356340001, 0.11300859112629194], [0.06963618095221624, 0.9974098233005186, -0.017948508252967246], [-0.11151014577784384, 0.025662388938061758, 0.9934303007585011]]
[[0.991288766718537, -0.06718076228008144, 0.11271056203606439], [0.06962505967529786, 0.9974123875242206, -0.017849161832633662], [-0.11121973280183663, 0.025542496036662688, 0.9934659981866644]]
[[0.9912261943461685, -0.06726773227081552, 0.11320907995134098], [0.0697465316267105, 0.9974005542207349, -0.018036572704832693], [-0.11170142886623252, 0.025775617422311704, 0.9934060744350329]]
[[0.991275070407439, -0.06738036013494875, 0.11271418057139394], [0.06982341308229385, 0.9973989758342451, -0.01782655926086219], [-0.11121978838723524, 0.025542454920659083, 0.9934662849271966]]
[[0.9912903320238082, -0.0674852085235163, 0.1125172699703346], [0.06993364274281157, 0.9973896849023416, -0.01791463672561704], [-0.11101454251556309, 0.0256286981244324, 0.9934870465910578]]
[[0.9912973253880825, -0.06738546955502607, 0.11251547850666203], [0.06985671661811231, 0.9973913076835691, -0.018124585861932285], [-0.11100057561282116, 0.02582817741111704, 0.9934834614133673]]
[[0.9913306255607663, -0.0673932180082494, 0.11221743346823802], [0.06984564629947079, 0.9973938884797461, -0.01802523414032659], [-0.11071017208686655, 0.02570822263948218, 0.9935190285155056]]
[[0.9912350728584669, -0.06747239081898579, 0.11301405121446445], [0.06995592968512683, 0.9973845729362447, -0.01811335532229244], [-0.11149623652172726, 0.02586195572031565, 0.9934274517254725]]
[[0.9912127736111626, -0.06746721842784173, 0.11321273670480954], [0.06993359078841957, 0.9973897480262844, -0.017914674352509395], [-0.11170847472223597, 0.025675973283892196, 0.9934084715862941]]
[[0.9911569193738015, -0.06745438044119978, 0.11370944094060269], [0.06994481119653047, 0.9973871770555951, -0.01801400953903119], [-0.1121970877499627, 0.025809445867908745, 0.9933500737505064]]
[[0.9911905785001265, -0.06746212327496015, 0.11341143591847754], [0.06992243124839564, 0.9973923348975059, -0.01781533270171463], [-0.11191372963638987, 0.025589732118365266, 0.9933877893846964]]
[[0.9912311448621423, -0.0673700609611059, 0.11311163804839196], [0.06982331219054563, 0.9973990811098334, -0.01782667384530648], [-0.1116163703651669, 0.025569523403152824, 0.993421812281012]]
[[0.9911641750399232, -0.067354719247064, 0.11370769113576057], [0.06983453330145084, 0.9973965201152895, -0.017926009239836296], [-0.11220412672086513, 0.02570968534784047, 0.9933521626307985]]
[[0.9911123099359046, -0.0674441750249364, 0.11410682460173686], [0.06994490977791458, 0.9973872109766515, -0.01801396913860645], [-0.11259359623252788, 0.025836406109864436, 0.9933048873734568]]
[[0.9911053154449269, -0.06754391374603406, 0.11410862599865072], [0.07002150228966166, 0.997385633840371, -0.017803897478671584], [-0.11260760503672966, 0.025636930016552605, 0.993308487885148]]
[[0.9910532702526832, -0.06763339753741147, 0.11450772978355264], [0.07014321363007855, 0.9973737466515009, -0.017991139184816235], [-0.1129900202394833, 0.02586346325336617, 0.9932592852252694]]
[[0.9910150885659503, -0.06752331477744498, 0.11490323438372427], [0.07005544694748862, 0.9973779209435829, -0.01810191130607989], [-0.11337943994248262, 0.025990214768430397, 0.9932116825940058]]
[[0.9910534347972325, -0.06763344865544672, 0.11450775990181727], [0.07013195184900337, 0.9973763612452147, -0.017891769453719147], [-0.11299706761896539, 0.02576369131368016, 0.9932612626960323]]
[[0.9910534347972325, -0.06763344865544672, 0.11450775990181727], [0.07013195184900337, 0.9973763612452147, -0.017891769453719147], [-0.11299706761896539, 0.02576369131368016, 0.9932612626960323]]
[[0.9909899230682381, -0.0677203044459144, 0.11500617971011066], [0.07025375571064904, 0.9973644383887678, -0.018078959479313265], [-0.11347854461832792, 0.025997031826406017, 0.9932004318577574]]
[[0.9910196441527328, -0.06762576740844081, 0.11480573172779118], [0.07014332868381935, 0.9973738087699837, -0.017991137754011066], [-0.11328736069431099, 0.02588377059176368, 0.99322524177813]]
[[0.9910352872920032, -0.06773068154343616, 0.11460888579321096], [0.07023112173241779, 0.997369633215792, -0.017880332360509857], [-0.11309618241141184, 0.025770488786186492, 0.9932500012500164]]
[[0.9909970719312119, -0.0676206363846001, 0.11500439776047491], [0.07014336746362214, 0.9973738265298299, -0.01799111366493027], [-0.11348558613375315, 0.02589727880464693, 0.9932023692315874]]
[[0.9909787090358522, -0.06771778403937262, 0.11510551710876457], [0.0702538256393292, 0.9973644740611072, -0.018078932312015412], [-0.1135776608927955, 0.026003787548470277, 0.9931890706505778]]
[[0.9910057569515561, -0.06782532162304328, 0.1148093682808006], [0.07034159547329402, 0.9973603006269325, -0.017968099400019727], [-0.11328740468005054, 0.025883706522095973, 0.9932254095902544]]
[[0.9909604419896841, -0.06781496814043445, 0.1152066584446367], [0.07035296385399231, 0.9973577095432674, -0.01806741734860402], [-0.11367677282328384, 0.026010572680807885, 0.9931776890330022]]
[[0.9909831773442488, -0.06782017025497061, 0.1150080229068301], [0.07033026813784533, 0.9973629089452049, -0.01786877720253108], [-0.1134926513276567, 0.025797538145271144, 0.9932043438481608]]
[[0.9909150817534522, -0.06780469173208345, 0.11560394551313899], [0.07033026813784533, 0.9973629089452049, -0.01786877720253108], [-0.11408724123406325, 0.025838230247424127, 0.9931353390344168]]
[[0.9909177390829563, -0.06760263532726966, 0.11569968529160192], [0.07014350375490953, 0.9973738853844742, -0.017991210369533432], [-0.1141793209403318, 0.02594472841632751, 0.9931219898074418]]
[[0.9909247534333319, -0.06750289793873121, 0.11569788617056496], [0.07005582991309527, 0.9973780511751653, -0.018102092537043337], [-0.1141723164991337, 0.02604446648089231, 0.9931201895294081]]
[[0.9909590051282816, -0.06751071127867547, 0.11539995011370614], [0.07004444240918796, 0.9973806535967265, -0.01800277704715381], [-0.11388204465609501, 0.025924477806393176, 0.9931567091045129]]
[[0.9909590051282816, -0.06751071127867547, 0.11539995011370614], [0.07002166600025674, 0.9973858384922877, -0.017804145705332907], [-0.11389605354457685, 0.02572500167567383, 0.9931603096599223]]
[[0.9908862800574004, -0.06739296519365326, 0.11609338191589755], [0.06992257009974391, 0.9973925895634156, -0.017815685700344277], [-0.11458972974968328, 0.02577218935656021, 0.9930795309411329]]
[[0.9909161902603603, -0.06729838037256823, 0.1158929844411393], [0.06981204231662864, 0.9974019047330062, -0.017727984763609744], [-0.11439853344336758, 0.025658990778487278, 0.9931045319907063]]
[[0.9908589909936386, -0.06728555087717898, 0.11638953670713464], [0.06983502111493635, 0.9973967662050124, -0.01792659408070944], [-0.11488002913003444, 0.025892120349620164, 0.993043039901533]]
[[0.990877462498663, -0.06718840041259344, 0.11628843974373643], [0.06973593521583699, 0.9974034947601002, -0.017938233034380153], [-0.11478094253258486, 0.02588540176850011, 0.9930546786759378]]
[[0.9908385237151716, -0.06707830590241004, 0.11668386779190336], [0.06964836519921783, 0.9974076223764181, -0.01804916269475628], [-0.11517033262227479, 0.026011978253885373, 0.9930063690313818]]
[[0.9908915566847404, -0.06698896993147396, 0.11628486032802134], [0.0695492813468463, 0.9974143302070083, -0.018060831081535472], [-0.11477399442685411, 0.025985186827829302, 0.9930530418565321]]
[[0.9909305113543764, -0.0670991054392258, 0.11588944519438688], [0.06964837050251478, 0.9974076313100152, -0.018049202595502672], [-0.11437764058615146, 0.025958351343283503, 0.9930995565230966]]
[[0.9908961980622005, -0.06709131793382282, 0.1161873750613438], [0.06967130548646269, 0.9974024356138003, -0.01824781555344058], [-0.11466099006545727, 0.026177962601177274, 0.9930611798490192]]
[[0.990912163129665, -0.06719629376990444, 0.11599058760692935], [0.06978184138749084, 0.997393110029568, -0.018335505257703343], [-0.11445583517976031, 0.026264263962189997, 0.9930825940693062]]
[[0.9908549352120751, -0.06718316163792334, 0.116487128903964], [0.06980483164574311, 0.9973878504571462, -0.018534110177458443], [-0.11493733489304764, 0.026497340731080864, 0.9930209316744513]]
[[0.9908204540116072, -0.06717521243570403, 0.11678503518346633], [0.06981635510488048, 0.9973851987075782, -0.018633408776012023], [-0.1152276108904467, 0.026617234464617955, 0.9929841321247623]]
[[0.9907698218416725, -0.06706216529860096, 0.11727966390865112], [0.06972884536194014, 0.9973892511516017, -0.018744379853584254], [-0.11571605288096432, 0.026750511393198752, 0.9929238760301131]]
[[0.990716562535984, -0.06715120401915885, 0.11767870789704853], [0.06982792234412431, 0.9973825449350718, -0.018732651887193388], [-0.11611235802054717, 0.02677737615488824, 0.9928769634147745]]
[[0.9906701175927757, -0.06714049306869689, 0.11807585868241444], [0.06983957320858887, 0.9973798645114081, -0.018831934876386548], [-0.11650166185332717, 0.02690397489098941, 0.9928280186664269]]
[[0.9906002165956637, -0.0671243506837623, 0.11867155549361429], [0.06988641163415843, 0.9973690868077334, -0.019229037745647035], [-0.11706812809459939, 0.027343211132635194, 0.9927496403772669]]
[[0.990635337034092, -0.06713255364710209, 0.11837373060150111], [0.06987473453935547, 0.9973718191151162, -0.019129759221462643], [-0.11677793667078411, 0.027223336918749293, 0.9927871647476895]]
[[0.9905769480657566, -0.06711894197864272, 0.11887012418387495], [0.0698864618647894, 0.9973690934247966, -0.019229032019250882], [-0.11726626686584722, 0.027356640377484358, 0.9927260649064666]]
[[0.9905113262861371, -0.06720500056779646, 0.11936841011953012], [0.07000907186996509, 0.9973569034806554, -0.019415678332609078], [-0.11774755474164508, 0.02758972219323447, 0.9926627854539217]]
[[0.9905113262861371, -0.06720500056779646, 0.11936841011953012], [0.07000907186996509, 0.9973569034806554, -0.019415678332609078], [-0.11774755474164508, 0.02758972219323447, 0.9926627854539217]]
[[0.9903935787313954, -0.06717741084560323, 0.12036107290498403], [0.07000907186996509, 0.9973569034806554, -0.019415678332609078], [-0.11873806606793122, 0.027656927193802267, 0.9925434170438022]]
[[0.9904410739578227, -0.06718847361648075, 0.11996405553816651], [0.07000907186996509, 0.9973569034806554, -0.019415678332609078], [-0.11834190863643866, 0.027630056229464024, 0.9925915614729642]]
[[0.9904529081486863, -0.0671912366221037, 0.11986479638201922], [0.06998542329705928, 0.9973624281481318, -0.019217157621033373], [-0.11825686634341688, 0.027423866001406245, 0.9926074410141846]]
[[0.9905023822932487, -0.0669999912962745, 0.11956317071819075], [0.06978733271542954, 0.9973758663954563, -0.019241130580309778], [-0.11795972627184688, 0.027403768472165302, 0.9926433993000697]]
[[0.9905259742385031, -0.06700547204996893, 0.11936464203833073], [0.06979910887800908, 0.9973731273586088, -0.0193403973115032], [-0.11775464706211669, 0.027490106060545593, 0.9926653878211553]]
[[0.9907662790864457, -0.06716293858543194, 0.11728197876363745], [0.06989816147543293, 0.9973664268114039, -0.019328460847299368], [-0.1156745571740287, 0.027349185120883912, 0.9929160576309193]]
[[0.9906898845359937, -0.06724626571704055, 0.11787966124430073], [0.07000886500461634, 0.9973569715632727, -0.0194160172181514], [-0.11626201302378054, 0.027489278697072534, 0.9928437556106885]]
[[0.9906806339063899, -0.06704129646698848, 0.11807434679197923], [0.06983401905846935, 0.997364920278805, -0.019638157186491277], [-0.1164461916556368, 0.02770216214010036, 0.9928162925364503]]
[[0.9906806339063899, -0.06704129646698848, 0.11807434679197923], [0.0698223744393038, 0.9973676904950189, -0.01953887555723763], [-0.11645317505754264, 0.02760242564807248, 0.9928182563521689]]
[[0.990634052636367, -0.06703025549672925, 0.1184714740945201], [0.0698340593840349, 0.9973649275708023, -0.019638152659898978], [-0.11684246507366128, 0.027728978935708776, 0.9927690727258964]]
[[0.9905803322443991, -0.06711890039791205, 0.11887054553887644], [0.06994484666088868, 0.9973554489621593, -0.0197255776808246], [-0.11723172258907451, 0.027855566754959094, 0.9927197207201812]]
[[0.9905967841042508, -0.06722420705615925, 0.11867397415250049], [0.07002049797252881, 0.9973543054967251, -0.019515141927225952], [-0.11704761670246139, 0.02764265328035611, 0.9927474379619258]]
[[0.9906271956773884, -0.06713000015626565, 0.11847347315071538], [0.06989806839492933, 0.997366553763108, -0.01932845509016791], [-0.1168634802328894, 0.0274297561804475, 0.9927750777683183]]
[[0.9906739410694816, -0.06714097205873783, 0.11807636311960805], [0.06987477494905842, 0.9973720343439441, -0.019129890596736393], [-0.11648120896829742, 0.027203430869632374, 0.9928263328485967]]
[[0.9907018979546771, -0.06724887029143312, 0.11778042820881314], [0.06995060554138892, 0.9973707568984695, -0.018919510609158148], [-0.11619800365068846, 0.026983785592804375, 0.9928655799480214]]
[[0.9906762880332038, -0.06744564606425353, 0.11788349866892978], [0.07013711621373571, 0.997360006177454, -0.018796669143363705], [-0.11630408731606391, 0.026890794696536213, 0.9928556911222626]]
[[0.9906297663982774, -0.06743488974637492, 0.11828064094537868], [0.07014878624951884, 0.9973573144001585, -0.018895949997135984], [-0.11669334411965582, 0.02701750895557966, 0.9928066580558806]]
[[0.9905714197262175, -0.06742138099189712, 0.11877704427440662], [0.07016050511541913, 0.9973546092775185, -0.018995224748909523], [-0.11718164412423, 0.027150962131892862, 0.9927456281404082]]
[[0.9905901539411416, -0.06732436062718256, 0.11867587018911768], [0.07007315623207457, 0.997358636992621, -0.01910637820390245], [-0.11707558013585498, 0.027243966102481327, 0.9927556049446381]]
[[0.9905550312671009, -0.06731618743735181, 0.11897369687060107], [0.07008489350779278, 0.9973559105762799, -0.019205650204120808], [-0.11736574986641411, 0.027363899274368744, 0.992718091545761]]
[[0.990613714142034, -0.067329869386989, 0.11847733782482818], [0.07008489350779278, 0.9973559105762799, -0.019205650204120808], [-0.11687047235078056, 0.027330241180650066, 0.9927775783941962]]
[[0.9905786530003288, -0.0673216703146348, 0.11877517109834644], [0.07007317674214628, 0.9973586456202941, -0.019106376000601524], [-0.11717466495437395, 0.027250704550408535, 0.9927439557578692]]
[[0.990585660318003, -0.06722193445007278, 0.11877326046074638], [0.0699624014103508, 0.9973681028577807, -0.01901897912213557], [-0.11718166236626164, 0.027150968012629804, 0.992745867583221]]
[[0.9906090966504763, -0.0672273646436753, 0.11857471128722974], [0.06995070305582739, 0.9973708166101433, -0.01891970215991204], [-0.11699054147433909, 0.02703778681545401, 0.9927715241332253]]
[[0.9905389023255916, -0.06721114197158604, 0.11917037420170967], [0.06997422003721385, 0.9973654009854964, -0.01911824223577333], [-0.1175709167917182, 0.027277597397562244, 0.9926965953660211]]
[[0.9904566026838374, -0.06719204765340774, 0.11986526181846589], [0.06999787289601851, 0.997359936056457, -0.019316764870994145], [-0.11825029917933869, 0.02752411827713945, 0.9926093524556326]]
[[0.990425952836712, -0.06728627882335796, 0.12006571536544412], [0.0701087633951969, 0.9973504630940283, -0.01940403688271399], [-0.11844137940806236, 0.027637311955554023, 0.9925834485390992]]
[[0.9904544743741949, -0.06739430506325403, 0.11976988073457066], [0.07018417713973547, 0.9973492578853763, -0.01919350641741028], [-0.11815829528667235, 0.027417627404499892, 0.9926233472418922]]
[[0.9905087561100235, -0.0673055371884273, 0.11937091204503217], [0.07004980305909118, 0.9973642145287556, -0.0189076820291558], [-0.11778313622906326, 0.02709150277725014, 0.9926770160714674]]
[[0.9904969777964007, -0.06730282803814958, 0.11947017974663932], [0.07004980305909118, 0.9973642145287556, -0.0189076820291558], [-0.11788218710467427, 0.02709823333096898, 0.9926650789802629]]
[[0.9904380367028484, -0.06728927892148409, 0.11996651228612945], [0.07004980305909118, 0.9973642145287556, -0.0189076820291558], [-0.11837743559357247, 0.027131884744988056, 0.9926053438903896]]
[[0.9904213661960356, -0.06718411612308221, 0.1201631425867046], [0.0699507592554209, 0.9973709434566477, -0.018919678680384414], [-0.11857552460190911, 0.027145322653488062, 0.992581350966086]]
[[0.99040251356765, -0.06728113868516253, 0.12026429268966925], [0.07004980139204049, 0.9973642250450354, -0.018907662366125743], [-0.11867456603902111, 0.027152051038809806, 0.9925693344626305]]
[[0.9904499833940655, -0.06729199950557806, 0.11986726495588419], [0.07001431787053042, 0.9973723625866104, -0.01860987713407183], [-0.11829941997401168, 0.02682592931582223, 0.9926231124784163]]
[[0.9904478104724889, -0.06749415657102696, 0.11977172462006318], [0.07021240786720923, 0.9973589041867094, -0.018585903681080655], [-0.11820037637595864, 0.02681918016842442, 0.9926350995771094]]
[[0.9904478104724889, -0.06749415657102696, 0.11977172462006318], [0.07020058782957163, 0.9973615861047262, -0.018486640171122944], [-0.11820739761674535, 0.026719444278005752, 0.9926369581674774]]
[[0.9904596312122506, -0.06749682851545476, 0.11967246092424642], [0.07020058782957163, 0.9973615861047262, -0.018486640171122944], [-0.11810835283569811, 0.02671269486234865, 0.9926489353399395]]
[[0.9903887662005492, -0.06748080089853735, 0.12026805028545039], [0.07022432835529452, 0.9973562354661344, -0.01868515559749562], [-0.11868858849685955, 0.026952665276678868, 0.9925734345353507]]
[[0.9903580060500142, -0.06757514598902863, 0.1204684334879172], [0.07032336723191457, 0.9973494873860446, -0.018673128792467075], [-0.1188866648456131, 0.026966181383983285, 0.9925493805515906]]
[[0.9904244817191602, -0.06748889413098201, 0.11997029148476215], [0.07020065313484429, 0.9973616313893792, -0.01848665371304893], [-0.11840552719270599, 0.026732972429483012, 0.9926133508698053]]
[[0.9903841395735966, -0.06737846477887129, 0.12036548815973878], [0.0701372511966104, 0.9973603523003645, -0.018796420351245208], [-0.11878066931021376, 0.027059138606753786, 0.9925598138974548]]
[[0.9905266763767688, -0.0674109357451994, 0.11917441638306184], [0.07014901041744467, 0.9973576544719196, -0.018895690776493532], [-0.11758519461760579, 0.027078020484249177, 0.9927023728412114]]
[[0.9904608688784183, -0.06749713250040447, 0.1196726571385601], [0.07024806308508236, 0.997350913378345, -0.018883773334855226], [-0.11808045444834366, 0.0271117758200045, 0.9926427846882354]]
[[0.9904490608329735, -0.06749442132282246, 0.11977192141702891], [0.07023624513502884, 0.9973536252308983, -0.018784510253112976], [-0.11818652534154, 0.027018790441916705, 0.9926327057998551]]
[[0.9904302185559257, -0.06759145480630135, 0.11987306313863422], [0.0703234614841576, 0.9973495783437518, -0.01867327098812929], [-0.11829260307426497, 0.026925815170006362, 0.9926226056731744]]
[[0.990378104600537, -0.06747825694088198, 0.120367507114372], [0.07023629724447199, 0.9973536415331294, -0.01878451456145068], [-0.11878079925786977, 0.02705929666367952, 0.9925608015494393]]
[[0.9903662265206112, -0.06747555101121562, 0.12046676319452694], [0.07022440926076516, 0.9973563481375783, -0.01868525968497081], [-0.11888686069805428, 0.026966309125220297, 0.9925506432501839]]
[[0.9904089150197467, -0.06738390526913943, 0.12016712947558339], [0.07010165468836842, 0.9973684849119556, -0.018498789004746545], [-0.11860377379789344, 0.02674662376146884, 0.9925905221798568]]
[[0.9903447629209369, -0.06726812044639136, 0.12076083390999083], [0.07002645340153704, 0.99736986590363, -0.018709309402296523], [-0.11918402283024519, 0.026986469307181724, 0.9925147208509553]]
[[0.9903875207731261, -0.06717647940059314, 0.12046120856279531], [0.06989175285005478, 0.9973846826113122, -0.018423620201125566], [-0.11890789552625289, 0.026667105814329083, 0.9925565649554946]]
[[0.9903161760358103, -0.06716047913710455, 0.12105674250176861], [0.06990370306285865, 0.997382011870142, -0.0185228686299486], [-0.11949513886343176, 0.026807150170230568, 0.9924824458683368]]
[[0.990370964461662, -0.06707146379598562, 0.12065789723655829], [0.06979276154429538, 0.997391405950643, -0.018435721217416337], [-0.11910599006401383, 0.026680587001064394, 0.9925327213218532]]
[[0.9904186068576876, -0.06708213603078605, 0.12026088414802955], [0.06976901957595974, 0.9973967367023261, -0.01823720502052019], [-0.11872380023053802, 0.02645428013435587, 0.9925846716249913]]
[[0.9904591194758222, -0.06719245741651003, 0.11986567399988161], [0.06985622867308765, 0.9973926712294614, -0.018125915654434575], [-0.1183346223846994, 0.026327668381225217, 0.9926345992260319]]
[[0.990506453324776, -0.06720298848386252, 0.1194686201601912], [0.06984443482921396, 0.9973953013086012, -0.018026647399885014], [-0.11794542435977638, 0.026201052131135667, 0.9926843580871972]]
[[0.990478054140951, -0.06709538863809232, 0.11976462280287736], [0.06975720844172059, 0.997399399489139, -0.01813785911370523], [-0.11823560385268847, 0.02632092330798253, 0.9926467141825225]]
[[0.990520500542951, -0.0670035449751358, 0.11946501500271124], [0.06964636679047212, 0.9974087391104642, -0.018050567311682992], [-0.11794542415979356, 0.026201084002470287, 0.9926844580087851]]
[[0.9904025551187913, -0.06697734389113333, 0.12045769946072003], [0.06962257960154006, 0.9974139927279737, -0.017852054313084235], [-0.1189498739336946, 0.02606860579962333, 0.9925686031072447]]
[[0.9904214123641448, -0.06688020935244049, 0.12035665739497799], [0.06951165426272998, 0.9974232966541667, -0.017764842018160438], [-0.11885778533589154, 0.02596217597032791, 0.9925824351086785]]
[[0.9904570696997456, -0.06688799800523158, 0.12005888266444538], [0.06949979819683877, 0.9974258908653575, -0.017665580163949847], [-0.11856761007760858, 0.02584236957785676, 0.9926203185900988]]
[[0.9903503588506757, -0.06686473987261152, 0.12095224095117647], [0.0694759063925507, 0.9974310713791127, -0.017467077710830708], [-0.11947292139997771, 0.025703083597888397, 0.9925157987117336]]
[[0.9904050956098749, -0.06677527799891277, 0.12055348792392069], [0.06936496367881789, 0.9974403254908599, -0.017379916517034882], [-0.11908371616453685, 0.025576633823396897, 0.9925659268267244]]
[[0.9904477572210921, -0.0666832069565107, 0.12025398015422097], [0.06924216585074593, 0.9974521143448924, -0.01719345144735693], [-0.11880044573953884, 0.025357141762603258, 0.9926055707460772]]
[[0.9903883569982224, -0.0666705283856294, 0.120750282939594], [0.06924216585074593, 0.9974521143448924, -0.01719345144735693], [-0.11929566961814939, 0.025390483366081514, 0.9925454437560002]]
[[0.9903117742460747, -0.06655300983583864, 0.12144334540507846], [0.0691551259096776, 0.9974562376894396, -0.01730477256762704], [-0.11998203200229825, 0.025536828792443227, 0.9924591992088365]]
[[0.9902637814332739, -0.06654279510432166, 0.121840329084762], [0.0691671637253488, 0.9974536813444399, -0.017404013629814107], [-0.12037124119940572, 0.025663195620146507, 0.9924088913934178]]
[[0.9902980964970085, -0.06675255111883861, 0.1214468463309306], [0.06935321896751342, 0.9974429364352897, -0.017280399801105416], [-0.11998207774185367, 0.025536754668531732, 0.9924593668819292]]
[[0.9903650228577762, -0.06666557520252936, 0.12094888860750952], [0.06924224046534114, 0.9974521620332281, -0.0171932924767944], [-0.11949385064486, 0.025403683303950094, 0.9925218186955231]]
[[0.9903650228577762, -0.06666557520252936, 0.12094888860750952], [0.0692661392354701, 0.9974470812965672, -0.017391796840533505], [-0.11948000219676692, 0.02560317373635674, 0.9925183800370277]]
[[0.9903291788571171, -0.06665789425040845, 0.12124664412152063], [0.0693020723689812, 0.9974393943445445, -0.01768954146914464], [-0.11975633186185362, 0.02592240753330647, 0.9924768778313934]]
[[0.9903461999162526, -0.06676282267134957, 0.12104991770010126], [0.0693891494601257, 0.9974353194607202, -0.017578166691981086], [-0.11956520752265233, 0.02580931273281299, 0.992502895255689]]
[[0.9903940259992616, -0.0667731463964427, 0.12065291654199899], [0.06937723255322142, 0.9974378977214805, -0.01747891156045881], [-0.11917600795763184, 0.025682864071798376, 0.9925530730394383]]
[[0.9904178612008532, -0.06677828296925706, 0.1204544059273911], [0.06935343696739094, 0.997443031623369, -0.01728039611973426], [-0.11899180459894262, 0.02547002186297479, 0.9925806994050588]]
[[0.9904604940859296, -0.06668617967265361, 0.1201549036779576], [0.06923065624583886, 0.9974547994553261, -0.017093918193285314], [-0.11870852803901552, 0.02525052835948463, 0.9926202936967372]]
[[0.9904961066443413, -0.06669375483116145, 0.11985711758984859], [0.06920697396786071, 0.9974598455598273, -0.016895386925251745], [-0.1184252360220389, 0.02503103154569177, 0.9926597589514792]]
[[0.9904891859469445, -0.06679350081571743, 0.1198588071285411], [0.06931786610212735, 0.9974506730811896, -0.016982667189387908], [-0.11841830541968106, 0.0251307768633102, 0.9926580706113578]]
[[0.9905128696080284, -0.0667985269710901, 0.11966027551441884], [0.0693296881228856, 0.9974481613393733, -0.017081935393625187], [-0.11821327579588145, 0.025217163230455177, 0.9926803441060645]]
[[0.99046558429771, -0.06678844010579792, 0.12005734765206126], [0.06934154907097997, 0.9974456369511092, -0.017181198641624772], [-0.11860254797491236, 0.02534362745737755, 0.9926307718023194]]
[[0.990482370652398, -0.0668932533949845, 0.11986053961756496], [0.06946427652065872, 0.9974338920571345, -0.017367723863582662], [-0.11839056812575792, 0.02552973761206507, 0.9926513497768924]]
[[0.9904962635077021, -0.06669376661657307, 0.11985706607279224], [0.06927801910334082, 0.9974447177340523, -0.017490961106483866], [-0.11838364150775327, 0.02562948233913585, 0.9926496106072953]]
[[0.9904844251435514, -0.06669120366833915, 0.11995633103385298], [0.06928986737245423, 0.9974421541188807, -0.017590224868973936], [-0.1184757633321937, 0.02573589618757091, 0.9926358758045774]]
[[0.9905032017066219, -0.06659403304254603, 0.11985530842378563], [0.06921449427277923, 0.9974436773918393, -0.01780075007632968], [-0.11836287603299468, 0.025928726806273467, 0.992644350817678]]
[[0.9905387105694318, -0.06660181166058791, 0.11955751511854032], [0.06920268770027198, 0.9974462682666989, -0.01770148204558866], [-0.11807264652190998, 0.025809004228621518, 0.9926820874852127]]
[[0.9905859396280405, -0.06661213526227937, 0.11916044228354623], [0.06917915241406444, 0.9974514247393997, -0.017502936063490408], [-0.11769027157522226, 0.025582874250303943, 0.9927334507876693]]
[[0.9904516292173917, -0.06648169067070507, 0.1203499721308851], [0.06905631802350078, 0.9974632184907496, -0.017316334015647306], [-0.11889279902303822, 0.025463197501257123, 0.9925939633277029]]
[[0.990494202688901, -0.06638958330810638, 0.12005046230848522], [0.06894541329443278, 0.9974724109881085, -0.017229106006080408], [-0.11860255718986952, 0.025343535931286482, 0.9926318006367534]]
[[0.9904280068689767, -0.06647665878123954, 0.1205485011194042], [0.06906828227487047, 0.9974606966736583, -0.01741561531475839], [-0.11908399195140036, 0.02557627375096704, 0.9925683311239518]]
[[0.9904656373238219, -0.066282281896655, 0.12034650433011645], [0.06887019667349667, 0.9974739920054145, -0.01743972501498227], [-0.11888590358729527, 0.02556301831763866, 0.9925924401275511]]
[[0.9904487471627718, -0.06617742189379093, 0.12054327884564046], [0.06875924170995507, 0.9974831778590866, -0.01735250282829773], [-0.11909087520717494, 0.02547650676251479, 0.9925701163514461]]
[[0.9904794412619843, -0.06608276887735753, 0.12034302957208735], [0.06867208611364704, 0.9974872492721532, -0.017463816578648313], [-0.11888591806287403, 0.02556304020735972, 0.9925924882044495]]
[[0.9904199983029528, -0.06606998735725385, 0.12083932581618959], [0.06869596234520374, 0.9974821300558347, -0.017662323041986245], [-0.1193674233662823, 0.02579557904165283, 0.9925288239263478]]
[[0.9904489389337282, -0.06617747424397193, 0.12054333340131589], [0.06879500434503404, 0.997475523057099, -0.017650239109404626], [-0.11907029942767028, 0.02577572812098175, 0.9925650762539623]]
[[0.9904251248738427, -0.06617231909834773, 0.12074184641656668], [0.0687830775061125, 0.9974781019534605, -0.017550985012645896], [-0.11927526871589153, 0.025689216063524836, 0.992542732611193]]
[[0.9904558582353364, -0.06607770913136508, 0.12054158277154317], [0.06866021955716206, 0.9974898543856803, -0.01736454582116166], [-0.11909091912225393, 0.02547650460543013, 0.992570393241296]]
[[0.9904150878896433, -0.06596776954408434, 0.12093687447425758], [0.06858507139218092, 0.9974913615774355, -0.01757510441489937], [-0.11947339197716259, 0.025702395081919818, 0.9925187019827734]]
[[0.9904509299072364, -0.06597548026260892, 0.12063911886366274], [0.06857315376543585, 0.9974939298379105, -0.017475848916594858], [-0.11918312595793491, 0.02558285561489885, 0.9925567405555572]]
[[0.9904679092170514, -0.0660803462267157, 0.1204423551004433], [0.06866030035471223, 0.9974898892539412, -0.017364526917835608], [-0.11899190436330238, 0.025469891835738744, 0.9925826151073474]]
[[0.9904610431870159, -0.0661800952156411, 0.12044409155313508], [0.06878314552650659, 0.9974781872409514, -0.017550999205347032], [-0.11897815249387325, 0.02566938849198261, 0.9925791446108109]]
[[0.9903539628497714, -0.06615699276599832, 0.12133741278328482], [0.06879513248324987, 0.9974756143458936, -0.017650246279839875], [-0.11986268911818891, 0.02582869839640078, 0.9924689898284925]]
[[0.9903180040430359, -0.0661492441564794, 0.12163515348023336], [0.06880714846278058, 0.9974730294913442, -0.01774948953870034], [-0.12015291579379553, 0.02594829305566517, 0.9924308235800295]]
[[0.9903231386197691, -0.0662515862887341, 0.12153768534682922], [0.06889417487471673, 0.9974690087337442, -0.01763808172462503], [-0.12006077529948903, 0.025841921515062535, 0.9924447610054749]]
[[0.9902631082321193, -0.06623866532797656, 0.12203390772733196], [0.06889417487471673, 0.9974690087337442, -0.01763808172462503], [-0.12055593686879891, 0.025875047308206903, 0.9923839921628015]]
[[0.9902992750131799, -0.06624642784216903, 0.12173619252968311], [0.06887012310312947, 0.997474179768886, -0.017439597604158006], [-0.12027263677130422, 0.025655681906861762, 0.9924241299514646]]
[[0.9902889945104464, -0.06604180186983388, 0.12193118943615257], [0.0686479691082506, 0.9974925628327131, -0.017265464885981834], [-0.1204844337937614, 0.025469393807652115, 0.9924032761995111]]
[[0.9903079077507366, -0.06594459955293137, 0.12183022256204402], [0.06853690166837878, 0.9975017132928603, -0.01717841645801087], [-0.12039225910185156, 0.02536304968568947, 0.9924171969116006]]
[[0.9902477116211857, -0.06593191802808852, 0.12232643116049982], [0.06854899040968435, 0.9974991736906618, -0.017277652086190903], [-0.12088055936556008, 0.025495772156795223, 0.9923545639586737]]
[[0.9901268310618202, -0.06590642225593173, 0.1233187857244585], [0.06852461624826892, 0.9975042860314768, -0.0170792056386854], [-0.12188451687526321, 0.02536220424008518, 0.9922356930579305]]
[[0.9901755848685703, -0.06591656713762777, 0.12292189144723532], [0.06848816970842607, 0.9975118867839782, -0.016781520132513734], [-0.12150902352771296, 0.025036590385373366, 0.9922901443339118]]
[[0.9902173396610104, -0.06602633296246031, 0.12252665354151501], [0.06858718726691293, 0.9975052951272644, -0.01676922794336901], [-0.12111295603329232, 0.025010183858042843, 0.9923393137617516]]
[[0.9902657848434238, -0.06603633703600353, 0.12212971781601031], [0.06856304389309345, 0.9975102918819293, -0.016570750278484377], [-0.1207305865348813, 0.024784272265832408, 0.9923916782687568]]
[[0.9903140770780378, -0.06604625074490987, 0.12173276114470281], [0.06855101044507135, 0.9975127676677024, -0.01647150622546879], [-0.12034133652533324, 0.024658106701829816, 0.9924421872309112]]
[[0.9902178040088175, -0.06602652425954841, 0.12252671489448755], [0.06858735052140745, 0.9975053543845916, -0.01676920966577539], [-0.12111302248386216, 0.025010197532726056, 0.9923398595701277]]
[[0.9902056927065691, -0.06602402323979514, 0.12262594888044456], [0.06858735052140745, 0.9975053543845916, -0.01676920966577539], [-0.12121204426426305, 0.02501680018515201, 0.9923276068986383]]
[[0.9902420563198484, -0.06603152827985069, 0.12232825059837497], [0.06858735052140745, 0.9975053543845916, -0.01676920966577539], [-0.12091498255645107, 0.02499699297818007, 0.9923643946833024]]
[[0.9902835635778189, -0.06614127761248041, 0.12193298176146823], [0.06872253039358266, 0.9974912600696236, -0.017054700838711846], [-0.12049828256499905, 0.025269790092023483, 0.992408299561258]]
[[0.9902766913247796, -0.06624102673848738, 0.1219346872315521], [0.06882155874994043, 0.9974846459418624, -0.017042507540535698], [-0.12049828256499905, 0.025269790092023483, 0.992408299561258]]
[[0.9903248906378056, -0.06625113465452419, 0.1215377239117276], [0.06879753831556273, 0.9974896946005987, -0.016844016125848467], [-0.12011593620021913, 0.025043796752139715, 0.9924604819376588]]
[[0.9903609254186657, -0.06625864779354983, 0.1212399857671463], [0.06882150208330934, 0.9974846898163163, -0.017042515514499434], [-0.11980507922536468, 0.025223419350663478, 0.9924935744516071]]
[[0.9903609254186657, -0.06625864779354983, 0.1212399857671463], [0.0688095215753868, 0.9974872121582514, -0.016943266157054274], [-0.11981196137557301, 0.025123670881681846, 0.9924952787031586]]
[[0.9903300820742331, -0.06635337178058931, 0.12144017914950263], [0.06890855766792867, 0.997480586293472, -0.01693114215847756], [-0.12001003218446632, 0.0251369425609848, 0.9924710303671398]]
[[0.99035408408067, -0.06635839916910151, 0.1212416849434292], [0.06890855766792867, 0.997480586293472, -0.01693114215847756], [-0.11981196616805147, 0.02512367188662868, 0.9924953184029697]]
[[0.9904208809195209, -0.06627121294641547, 0.12074374417001187], [0.06878565890238449, 0.9974922402419011, -0.016744755139292127], [-0.11933054758503515, 0.024891045116646766, 0.9925593270521497]]
[[0.990451625594928, -0.06617644193141461, 0.1205435578290875], [0.06865087707568258, 0.9975063307064429, -0.016459054471069302], [-0.11915306801818236, 0.02457856116369333, 0.9925885025149427]]
[[0.9904277949813244, -0.06617152621918188, 0.12074207552959049], [0.06863894195984825, 0.9975087898860882, -0.016359798031688966], [-0.11935802343100892, 0.02449204581900897, 0.9925660397088241]]
[[0.9904585304802066, -0.06607667374935706, 0.12054192634184556], [0.0685279831867002, 0.9975178549218565, -0.01627261322046225], [-0.11916679048915185, 0.024379079923237058, 0.9925918249839579]]
[[0.9904534665994764, -0.06597448405587256, 0.1206395582630219], [0.06841701074994942, 0.9975269011569929, -0.016185409436001028], [-0.11927267992121307, 0.02428592516917452, 0.9925813994207913]]
[[0.9904296120634922, -0.06596962687083872, 0.12083807454290606], [0.06841701074994942, 0.9975269011569929, -0.016185409436001028], [-0.11947077061453297, 0.024299120065985697, 0.9925572715091386]]
[[0.9904415591405537, -0.06597205678284532, 0.12073881881575514], [0.06840507357718409, 0.9975293304093032, -0.01608615250046937], [-0.11937856935440162, 0.024192770413182914, 0.9925709738575366]]
[[0.9903818698558764, -0.06595996039763873, 0.12123510430268392], [0.06842904833521088, 0.997524485258015, -0.016284654621358995], [-0.11986010911925646, 0.0244252623076562, 0.9925073872176285]]
[[0.9903167966952384, -0.06584555279172832, 0.12182898026955236], [0.06836614645092937, 0.9975237418205251, -0.0165945085259289], [-0.12043384334386842, 0.024764037756801884, 0.9924297580986867]]
[[0.9903115899255491, -0.06574332401377059, 0.12192656379450963], [0.0682430081961184, 0.9975352804982716, -0.016408207908882533], [-0.12054652913015367, 0.024571106271568475, 0.9924208967048896]]
[[0.990287480619723, -0.06573840979251627, 0.1221250479738506], [0.06821885927782877, 0.9975401973492588, -0.016209728606604107], [-0.120758240049778, 0.024384747880271576, 0.9923997930337125]]
[[0.990287480619723, -0.06573840979251627, 0.1221250479738506], [0.06820678345382379, 0.9975426358240468, -0.016110488627300735], [-0.12076506193570578, 0.02428499386053665, 0.9924014140065731]]
[[0.9903615045073817, -0.06555104376228173, 0.12162562516912184], [0.0679846719754249, 0.9975606339508872, -0.015936421141911603], [-0.12028351311990912, 0.024052713253202775, 0.9924657019022386]]
[[0.9904096179126297, -0.06556066484758301, 0.12122863888836095], [0.0679726832385731, 0.9975630366001708, -0.015837169706696373], [-0.11989416698530371, 0.023926736772302774, 0.9925159457944204]]
